0,0.10244992448746405,0.10314745876685201,0.10304346123867594,0.10007438135661174,0.10045144469391398,0.09872628682381393,0.09776637063494184,0.0992753264686117,0.09792906538406897,0.09713628014504593
1,0.10063519763105176,0.10117403935874601,0.10343347212549553,0.10320344095876667,0.09829843129365275,0.1011387676347041,0.10133896782025839,0.09740690125504832,0.09817634890498861,0.09519443301728793
2,0.10053119290695002,0.09867087319305594,0.09993284758293705,0.1014199581090158,0.1014199581090158,0.09698717925725836,0.1014394388816843,0.10049929092888454,0.09990152747844235,0.09919773355275588
3,0.10283887979659442,0.10336561263890512,0.10036460983087349,0.103216537967061,0.09839954674061742,0.10143508535447736,0.10120779027412109,0.09593316556479567,0.09526734873684063,0.09797142309571384
4,0.10061009842737965,0.10116843045177605,0.10136054093110947,0.09981868838494687,0.10017087830086725,0.10046543519009205,0.09974675485072669,0.09907308062025326,0.09892073847293643,0.09866535436991229
5,0.10491084703977685,0.10154174908368349,0.10107348677959567,0.10200892470573587,0.09995665824787538,0.10040608407699099,0.09892358523390193,0.09776182009148984,0.09641518932461732,0.09700165541633257
6,0.10382380589185537,0.10203670883227489,0.10176680299761552,0.10004797938677507,0.09926186375109541,0.0976318933202864,0.09890398439979742,0.09956214403192053,0.09913520885421982,0.09782960853415953
7,0.10246821746520314,0.09939049406828925,0.10304964032933542,0.09605216506583983,0.09580984620759364,0.10411883526295165,0.0961092333808008,0.09888206831408546,0.10318150240318262,0.10093799750271823
8,0.10292163670419632,0.10254306192285967,0.10149233324391602,0.1050836560940363,0.10141130970300626,0.10402309569292387,0.09514865255388807,0.09759264318196167,0.09379602937788944,0.09598758152532243
9,0.10045088532808633,0.10242869834813563,0.10416453582230019,0.1053442278297179,0.10101215831509845,0.10006851070773105,0.10308552524584588,0.09362331129002358,0.09338554967946136,0.09643659743359988
10,0.10325775129637997,0.08712723913000876,0.08925777350438306,0.10512622996590124,0.10510396637910059,0.1066671152580469,0.09472214499503676,0.1035588228176943,0.09767720736773336,0.10750174928571508
11,0.10033177477497833,0.09960638943094963,0.10270188897759448,0.10223947070043278,0.10300269116166814,0.10130990617971111,0.0981890196856566,0.09778807335118836,0.0995934180640103,0.09523736767381037
12,0.10089908115558754,0.09523208772683911,0.10416202908893596,0.10003472166617929,0.1052680735197649,0.09718633172360057,0.1013582897126042,0.10046269190826806,0.10334645495169303,0.09205023854652736
13,0.1009781877130982,0.1013894799464002,0.1011457808191008,0.10018991347255328,0.1007744604306479,0.09937791687282704,0.09989057030767064,0.09893883139259779,0.0993892669012905,0.09792559214381355
14,0.10343306494176127,0.10247703806408577,0.10343879421037686,0.09992966674932376,0.10229362389781747,0.09741163422940305,0.09702872042344036,0.09750300608769574,0.09624776129986044,0.10023669009623518
15,0.10598613693808433,0.10036093022429658,0.10585827010252621,0.10259852337173989,0.10385571241728278,0.09358313790985753,0.09660471345232614,0.09672634226837054,0.09665835637520227,0.0977678769403137
16,0.10066563338682429,0.10002667018054573,0.10080310253963724,0.10006266306723219,0.10084265685150182,0.09997554486223646,0.099269447611699,0.10011270321691787,0.09902884151402788,0.09921273676937734
17,0.10285242940568366,0.10057797695499368,0.10297918868869677,0.10247070475490096,0.10107020073113435,0.09938029236627882,0.09879715787370122,0.09869298283045638,0.0965743821715602,0.09660468422259397
18,0.101353796072582,0.09582734779622237,0.10185246467993755,0.09302286204207529,0.10034903705115661,0.1023277961580515,0.10444174219811986,0.10001634422739891,0.1034598197469503,0.09734879002750566
19,0.10049834425221814,0.09986853560082373,0.10131404264429318,0.0991715392860132,0.10128722783252415,0.10087790516614675,0.09802677201473783,0.0993057162018903,0.1002095022594508,0.09944041474190189
20,0.10153203754050286,0.10069869086452124,0.09917683341138851,0.1034644255563562,0.09764042288774535,0.10256285764471201,0.10176807309314899,0.09698512726399723,0.0998086721206766,0.096362859616951
21,0.10563665252547376,0.10037353757729972,0.09673610689371615,0.1059296400785818,0.10420114947381746,0.09462213556923467,0.0999104299337102,0.0983530664002012,0.10233101563088717,0.09190626591707793
22,0.11239887169769855,0.11359514256296739,0.10030181846344913,0.11259378612430941,0.09968764078392557,0.09465999179662093,0.10534373590937168,0.08675623436265102,0.0868559670505367,0.08780681124846952
23,0.10201418389505912,0.10201418389505912,0.10215798571431146,0.10209751780266978,0.09982867833430067,0.10023105965831998,0.09810987093515551,0.09800787378380706,0.09748624025627668,0.09805240572504072
24,0.10115493842391593,0.10062745346081707,0.09984819796667355,0.09990021562419817,0.09827785938013574,0.09784462006921057,0.10105740761460123,0.10064686180584621,0.10056377317342152,0.10007867248118005
25,0.10146952629401061,0.10240643680827814,0.10101839652289722,0.09929942760897956,0.10022818664864325,0.09916402071439363,0.10186083399571252,0.09699068823054469,0.0978446870982916,0.09971779607824861
26,0.1029602428836543,0.10593969749430077,0.10490427302097384,0.10041750720553357,0.10175478818255865,0.09509637185786356,0.09516468015311959,0.09410199477248861,0.10241381470529991,0.09724662972420722
27,0.10374326783635086,0.09995871339703458,0.10349791012275253,0.09632483895573085,0.10090953082167413,0.09600033517419883,0.0986621970506294,0.10225219784510742,0.1024367984199031,0.09621421037661824
28,0.10423233508781096,0.10891709818532555,0.1000253025612318,0.10970798938189172,0.10412146148168368,0.09532142489399782,0.09791035906126837,0.09339921067041705,0.09714852671659628,0.08921629195977673
29,0.10038298414910997,0.10250321199151816,0.10217310624908028,0.09672780843242959,0.10247490115981145,0.09774977602685711,0.10296037759481082,0.09316665618037041,0.1022056212994658,0.09965555691654622
30,0.10175051456338872,0.10111610397985933,0.10200237611273273,0.10651950525175756,0.10217099135282472,0.09101501673570275,0.10597071941343253,0.09947283100037735,0.09978301134803062,0.09019893024189374
31,0.10091365216081744,0.10091365216081742,0.1003546499804767,0.10035483449835345,0.100355026677027,0.0998381601959752,0.09947097076223911,0.09947195663623784,0.09947190038197622,0.09885519654607981
32,0.10255742344290357,0.10138624151846137,0.10552390191509853,0.10447446378173252,0.1061143895610971,0.08961609178842486,0.0895850886706419,0.09380353517301579,0.10514655124156212,0.10179231290706221
33,0.10248768164663062,0.102332165799892,0.1016594293283973,0.10013435377174017,0.10075773497665858,0.10040446713480096,0.09829783002973057,0.09846037593171485,0.09769415067897348,0.09777181070146132
34,0.10415637339110469,0.10415637339110469,0.10369490127547837,0.1029497907239488,0.09896427911459225,0.09747074654910236,0.10158801708596572,0.09565445018557195,0.09559302397222141,0.09577204431090985
35,0.10329898594340256,0.09883809600203115,0.10326508356751776,0.09938870386605331,0.10193589239198292,0.0964960891654223,0.10094160847670537,0.1011554345604689,0.09566968022868899,0.09901042579772673
36,0.10014968850376346,0.10082883750466397,0.1002559862491234,0.10122392590510226,0.09785811867276566,0.1050020502026938,0.1050020502026938,0.09185370712456972,0.10444701831634066,0.09337861731828334
37,0.09954878208110214,0.09959534490899262,0.10086450290487563,0.10060336737654746,0.10140022595864324,0.10085321064466626,0.0968699228719013,0.1000295948738983,0.10009203342492216,0.1001430149544509
38,0.1,0.10000000000000014,0.1,0.1,0.1,0.1,0.1,0.09999999999999999,0.1,0.1
39,0.10208720305381412,0.1018485331967737,0.10278039129183382,0.09877915325081323,0.10007086058380253,0.10392291172118195,0.09719648135366711,0.10043059610049422,0.10387766447093705,0.08900620497668232
40,0.0997148423799972,0.09987156019816446,0.10111174806504906,0.1009706357178529,0.10115336021839774,0.10108145851918157,0.10076411473467123,0.09998408518719502,0.09614691247223145,0.09920128250725943
41,0.10339288629236165,0.10311645947895184,0.10258007626600403,0.10158149525980964,0.09875574390745082,0.0984511479159284,0.09819229706808941,0.09806069032473444,0.09821375152188846,0.09765545196478118
42,0.10010329301101335,0.10007962467494633,0.10111409112930522,0.09943630087086489,0.10065042146466079,0.09909949690533881,0.10060683504831551,0.1006076375784436,0.09986193325905669,0.09844036605805487
43,0.10064975724549903,0.10064975724549914,0.10100066792545154,0.10100066792545152,0.10100066792545169,0.09920686123168156,0.09920686123168156,0.09920686123168156,0.09903894901880125,0.09903894901880123
44,0.10113103798716029,0.10090335861936416,0.1007588442103894,0.09960561886083245,0.100082147515131,0.1002062791777399,0.09962567575807886,0.10010203134742957,0.09902338103394641,0.09856162548992797
45,0.10555031976541339,0.10402361702157098,0.10228161792003619,0.10224203572698712,0.09983898021813148,0.09627155100676259,0.10083899106279895,0.09704366417740615,0.09532939696145731,0.09657982613943582
46,0.10064228359079139,0.09924141774120086,0.10146475044424054,0.10026786625644196,0.1029321434038429,0.1033518010659154,0.10122372918402096,0.09183669710355706,0.1002620281816343,0.09877728302835447
47,0.10068124009138359,0.09984000777214572,0.10095177330338055,0.1006683843559087,0.09983702263973371,0.099551647912729,0.10018065769628544,0.09983496477339449,0.09963262076137246,0.09882168069366623
48,0.10106683630712279,0.09868918587459,0.09878725608460152,0.10272705793012683,0.10228206315268722,0.10233020859021613,0.09684605360965942,0.10090266533505429,0.09549477744535516,0.10087389567058681
49,0.10070478332968966,0.10058193177838151,0.10022030399182912,0.10146491533440297,0.10147654210793873,0.101476542107939,0.101476542107939,0.0985305920346401,0.09790377922962663,0.09616406797761333
50,0.10105431989310622,0.10282776538685073,0.09977712519952187,0.10241967263563088,0.09819261013276362,0.1016710397064839,0.09739494830641274,0.10007353803252748,0.10007363323117213,0.09651534747553057
51,0.10135448069705094,0.10087227638939301,0.09919338661447939,0.10356404685855321,0.09889381245238413,0.10313446794846763,0.10160221265346928,0.10047529407296461,0.09546427757685154,0.09544574473638627
52,0.10154875191209373,0.10050362467486415,0.09972812600102904,0.099232398807071,0.10152480654299649,0.09797885041241473,0.09703858128349852,0.10208026415580361,0.10071829314997166,0.0996463030602571
53,0.10330815003559451,0.10483504742347664,0.09697288812437986,0.09957581694661145,0.09691266357706743,0.10308308728329882,0.10289891743958914,0.09361489755297665,0.09970414876196251,0.09909438285504307
54,0.10275119637038799,0.1000137635838886,0.09809574715854566,0.10262088533986144,0.1043072014821346,0.10022137756387695,0.09406569272543176,0.09660323785433263,0.0988040707032931,0.10251682721824738
55,0.10604654988386238,0.09951697620162774,0.1010044666235877,0.10339468140839408,0.1041207501222748,0.09530300466615178,0.10215858787702206,0.09871513098503647,0.09229295184348549,0.09744690038855744
56,0.09648161944476918,0.09475418075516734,0.09403171666666978,0.09615113115313005,0.1030643785857125,0.10308790127948719,0.10310422969316006,0.10310886381702042,0.1031076853503135,0.10310829325456988
57,0.10018876193984194,0.10036338503763088,0.10023913567049765,0.10000330128365517,0.09974009832078702,0.10008281205569985,0.0998460177530764,0.10014442395571937,0.09958174825125114,0.0998103157318405
58,0.10275961974266015,0.09989626957997084,0.10178580214796737,0.10034403104648111,0.0974082594132364,0.10202170631435077,0.09965853692943343,0.10039186216985319,0.09770254696852505,0.09803136568752184
59,0.1028877109665721,0.1013961675935283,0.10457279189910292,0.1024588561708348,0.10068444986576014,0.09713978242225198,0.09646083257780841,0.10045417018084625,0.09932647755390371,0.09461876076939155
60,0.10356596250332901,0.10252912892225179,0.10171819240569031,0.0989206398661512,0.09981061262382891,0.10118296361562545,0.10016167552735027,0.09667170467478656,0.0967895200331486,0.09864959982783797
61,0.09966805725841484,0.100850279925791,0.10133317838397567,0.10190153837431082,0.10181856696308922,0.09748107969270417,0.10075093746462703,0.09688139314448702,0.10001453401525859,0.09930043477734116
62,0.10356975607998282,0.10049241411622425,0.10466076586115616,0.10510048766617966,0.10178055012659303,0.09627852780979088,0.10031612723500737,0.0991779682053853,0.09543591637642186,0.09318748652325862
63,0.10502908238770141,0.1029592524730511,0.10304449769422816,0.09906669017331501,0.09792448903234985,0.09937307959521308,0.09742256357914714,0.09737729275302703,0.09826296275856308,0.0995400895534042
64,0.10249156502707525,0.10037591794351952,0.10189379863376725,0.10278893103945859,0.10208256020182058,0.1019270699407082,0.10100858225828357,0.09565234227720372,0.09713455615986745,0.09464467651829578
65,0.10237292801026651,0.10359673250624665,0.10142060085250268,0.10306473715633839,0.10250924983637126,0.10250924585890485,0.09478744842831664,0.0949141479282265,0.09604963874090364,0.09877527068192278
66,0.11441776723463892,0.1053578979277682,0.10225478183527577,0.10519014310602898,0.10383214547087531,0.09575049019751364,0.0981346588094545,0.09299096490474977,0.09014555940190698,0.0919255911117879
67,0.10400837593777423,0.10360709154725187,0.10306763245217102,0.09898325167503702,0.10201423220959233,0.09747428803823063,0.09819329463176564,0.09774337568471558,0.09771892836486562,0.09718952945859599
68,0.10233022229897502,0.10334695626440393,0.10335899512231721,0.09898724304538688,0.09845545042923373,0.09779349732065723,0.09745271920959989,0.10212163089769717,0.09779646138896216,0.09835682402276674
69,0.1024735593035847,0.10281936623235825,0.10296818672068442,0.10173521081348101,0.10196646222961644,0.09827820174516719,0.10041744806496833,0.09726615778969658,0.09616957533355537,0.09590583176688768
70,0.10181131845588251,0.1021227898619247,0.1021227898619247,0.10293950600970754,0.10014210752341006,0.10102700317766136,0.0974489094737861,0.0969933988755127,0.09638548443149211,0.09900669232869803
71,0.10045060519632065,0.10067645340602197,0.10101926618050809,0.10116939712723144,0.10122554898823403,0.09966719949501399,0.09822822491409304,0.10017436866538995,0.09796636251449449,0.09942257351269236
72,0.10300599227361762,0.1012932570380708,0.09991008993894737,0.10126171833374505,0.10072854085469973,0.10048567048444465,0.09842611125930463,0.09901401748995592,0.09901373723750284,0.09686086508971142
73,0.10149967379446241,0.10296055333902908,0.10042851377522963,0.10236617507419678,0.10133585469430362,0.09889815733166973,0.09798766875875728,0.09991448801415187,0.09813506352763411,0.09647385169056547
74,0.09940764898329335,0.0985934647350415,0.09971565311611373,0.09911734399981836,0.10146862724195872,0.10233515465901284,0.10183511055123935,0.1024680510903259,0.0940977104804216,0.10096123514277479
75,0.10152829438941811,0.10216099639702275,0.10224525735661444,0.09983870748984633,0.09857596238934463,0.10094479540455857,0.09750069632850342,0.0981267676255643,0.10063820440733118,0.09844031821179636
76,0.08917057883047724,0.08604416805686496,0.08177082763008098,0.11122763683542954,0.11174338370632682,0.1108419728293951,0.11016962169464048,0.07745759681587645,0.11211977263415704,0.10945444096675162
77,0.10333558320433804,0.10335852260059164,0.10183249208808308,0.10268592210979013,0.09811130918045838,0.09812627274823357,0.10047052661525584,0.09915938818060198,0.09654275440213632,0.09637722887051109
78,0.10108385610517269,0.10159598762998405,0.101084238682278,0.10056774924400116,0.10057846034822197,0.09993379917007413,0.09980444189359104,0.09853610105039216,0.09904316007641367,0.09777220579987107
79,0.10123269248299177,0.10012655195618972,0.10183834072953891,0.10187591536302308,0.10134924583248021,0.09678189697221377,0.09916627039023747,0.09916586176622753,0.09940520066603648,0.09905802384106108
80,0.10075809922658735,0.10075809922658735,0.10075809922658735,0.10075809922658735,0.10075809922658735,0.10075809922658735,0.1007610269138679,0.09823298618131675,0.09822869577264576,0.09822869577264576
81,0.1,0.10000000000000014,0.1,0.1,0.1,0.1,0.1,0.09999999999999999,0.1,0.1
82,0.1012121948693392,0.10196347601118841,0.09972650547360347,0.09914885445486976,0.10251371084308983,0.10202358550094427,0.0976094649770029,0.09659803536935202,0.0998752983902079,0.09932887411040228
83,0.10409754158553562,0.10247374916154046,0.10447317506640434,0.09854231830006142,0.09852489776383101,0.09815437968848291,0.10290635942203068,0.09662764668286608,0.0963850042824181,0.0978149280468294
84,0.10091627371796462,0.10107472163485291,0.10252713515439925,0.09850726167807747,0.09918011710753154,0.10080446471097712,0.10209300328461572,0.09841300792118712,0.09966958998916164,0.09681442480123267
85,0.1008290188576058,0.1008290188576058,0.1008290188576058,0.1008290188576058,0.10082901885760581,0.1008290188576058,0.10082088128307433,0.09807650824565965,0.09806424866281567,0.09806424866281567
86,0.09854897976987079,0.1046720336482973,0.08659608512112724,0.08009963909887835,0.10531403976335611,0.10610239718759007,0.10556846865091528,0.10055476393747222,0.10307085933579217,0.1094727334867006
87,0.10263277769139464,0.10259902131944587,0.1009069395402614,0.10061075758846326,0.10081107081160463,0.09941972931285789,0.09955248749652311,0.09731802066495822,0.09817988410589785,0.09796931146859308
88,0.1016504604945304,0.10119630992727137,0.1025031416029385,0.09923150572058848,0.102894035716294,0.10105700262236518,0.10178981692035716,0.09873438318147755,0.09667342559150849,0.09426991822266892
89,0.10079490441278607,0.09930196737707732,0.09957049875541978,0.09726470176943675,0.10217736180960628,0.10210611060816366,0.09771842785536727,0.10031615624193849,0.10031615624193849,0.100433714928266
90,0.0038405532185933275,0.10864285546975279,0.10760675672215807,0.11059723413629283,0.10847595477987168,0.11232319192090509,0.10946800118259649,0.11366955467730867,0.11504706021519472,0.11032883767732646
91,0.10215820597125969,0.10178268525647471,0.10103835140891068,0.10068508049477524,0.1005979239487449,0.10002970123545656,0.09856683755620398,0.09845548939075811,0.09854705615514614,0.09813866858226993
92,0.1037489927364855,0.10396647069838809,0.1033173503099477,0.09688905924023436,0.09641914912236278,0.09930778360483604,0.10057053589872825,0.09625129272453481,0.10043124725031372,0.09909811841416884
93,0.10641895657721397,0.1049993510313064,0.10174273513065595,0.10048991696263114,0.10452103377957468,0.10231331738651185,0.09810235494078358,0.09588384771549636,0.09624224899385275,0.08928623748197326
94,0.08774857864956898,0.1067966533557329,0.07790326168768263,0.07731067196072285,0.110403929107672,0.11526163916368186,0.11369533395892249,0.10672373653652889,0.1086677529305013,0.09548844264898607
95,0.10166692064282112,0.10308885014324876,0.10057159268303842,0.10194989286329749,0.10307264681074642,0.09637921244607123,0.10016069985496293,0.09510015376126986,0.0979610901769249,0.1000489406176188
96,0.10341203702380013,0.10141229792948474,0.10380606909985327,0.10380606909985317,0.09921163593924491,0.09812249649385471,0.09818309518826783,0.09705705378035219,0.09674616344887858,0.09824308199641074
97,0.10026545812928318,0.09924631280404318,0.09843998505264606,0.10193338910635907,0.10193281799069463,0.0973074762759111,0.09996710434847439,0.09976043906793934,0.10059393415661862,0.10055308306803049
98,0.1,0.10000000000000014,0.1,0.1,0.1,0.1,0.1,0.09999999999999999,0.1,0.1
99,0.10235227448294412,0.10128172512878458,0.10288186030140822,0.09933193157253592,0.0984546651575668,0.10105727036707918,0.10100662215963242,0.09811410268340111,0.09748510580866812,0.09803444233797953
100,0.10815537513992358,0.10815537513992358,0.1030915781220503,0.10292287344039362,0.1041248659733946,0.09598909432954848,0.09499727934367555,0.09579284412801704,0.0939807980806522,0.09278991630242102
101,0.10152565485107473,0.10322553755452725,0.10505268649506708,0.1021031678779483,0.09600746174712657,0.1023460847086314,0.10016193776290327,0.09627805127003095,0.09499826777669064,0.09830114995599985
102,0.10251405002415473,0.09782372980701087,0.1037698481938515,0.09732590787770669,0.10426879180854064,0.10194644589811512,0.0951278555618948,0.10111762093767723,0.09497278548703442,0.10113296440401406
103,0.10612579309056258,0.10800823352087283,0.10272901120377037,0.09895415724392058,0.1033988326789913,0.09866335755830014,0.09591056546697632,0.09627461205957284,0.09429483971316281,0.09564059746387024
104,0.09996196392125967,0.09996196392125967,0.10023227898734519,0.10023227898734507,0.10023227898734507,0.1002570198752209,0.10025701987522091,0.1002570198752209,0.10025701987522091,0.09835115569456174
105,0.10213791537616629,0.09934420709231882,0.10260134240710408,0.10427504468906676,0.10155891765234502,0.09916488217971792,0.10317527699373251,0.09437880177353733,0.09879714689868364,0.0945664649373276
106,0.10106617082739368,0.10106617082739369,0.10038824953635468,0.10038824154504739,0.10038824154504739,0.10038726584290078,0.09907896042516183,0.09907914667127163,0.09907914667127163,0.09907840610815737
107,0.10104444041248144,0.10387182011061588,0.09890757818308762,0.102607401003964,0.1009712560107281,0.10293533367373274,0.09672078477213931,0.0954369850229228,0.0993403486327158,0.09816405217761222
108,0.10368112432076025,0.10241009785873847,0.1035418582051159,0.09991475368706387,0.10005622573187245,0.10195579726422847,0.09844712081891889,0.09642402906953432,0.09736712408235709,0.09620186896141034
109,0.10350095358970027,0.10323296009469696,0.10253251457556103,0.1023767351602727,0.09884245720650539,0.10023012783216664,0.09745885050075412,0.0973914300777244,0.09711832772466443,0.09731564323795405
110,0.10132007278166781,0.10093458513361685,0.10146895304111928,0.10130944054951048,0.09982748796746374,0.10063907311701491,0.09922356934213487,0.09809891622918358,0.09948130048861253,0.09769660134967595
111,0.10184109962323741,0.1011937249064637,0.10184675838278201,0.10110534679952068,0.09975333211965914,0.10040227467716159,0.09854677455278328,0.099372139156238,0.09838412643857193,0.09755442334358216
112,0.10160251293490359,0.10145540749184648,0.10098106380251652,0.10030818702936449,0.09932987844354377,0.09948443471442958,0.0987975971758864,0.10016732846140965,0.10016253467696117,0.0977110552691383
113,0.10241878189660605,0.1023724546850484,0.10317871238530682,0.10110338900177303,0.09644400863623499,0.10055366094575423,0.10071122013049282,0.10193164544469414,0.09681300760314498,0.09447311927094441
114,0.10163416930042603,0.10234823377301465,0.1038455299205722,0.10013293700038596,0.10289371348638297,0.09590762832881684,0.10037593977230429,0.09752813741072648,0.09640316639697094,0.09893054461039963
115,0.10276190371815883,0.10163383455992288,0.10118183966203964,0.10170683798200403,0.10143043435650838,0.0976614214307851,0.10036656780479328,0.09699821754283396,0.09958877351802918,0.0966701694249247
116,0.10087485270979991,0.1004738775158156,0.09897838718196496,0.0992097619702567,0.10202285446755742,0.10053558591634237,0.1018577540117487,0.10023929252483059,0.09884258003067566,0.09696505367100812
117,0.09925735581626662,0.09958128811071308,0.09851048558786037,0.09832057949023033,0.09718357278327737,0.10173755124678109,0.10176595446232399,0.10176595446232399,0.1013054764373231,0.10057178160290013
118,0.10451415013310347,0.10193855704701257,0.10451516192832068,0.09800707120832365,0.09961716496167823,0.10141023569007573,0.09638388206458796,0.09816524143856852,0.09592931061436472,0.09951922491396445
119,0.10174713469268168,0.10174713469268168,0.10258008670624764,0.10095537966987862,0.09782997478386597,0.09782997478386603,0.10167611286716088,0.10167611286716087,0.09697904446822833,0.0969790444682283
120,0.10103724664904737,0.101291744807892,0.1001453388138071,0.10121418805166087,0.0997513539434932,0.10069824185121318,0.09988600366085941,0.0995246035663659,0.09878158780009946,0.09766969085556158
121,0.10202023827891867,0.10208657345234147,0.10141255007305289,0.10173800673862014,0.10064419223711625,0.09936432067473558,0.09818117148528432,0.09849735460485244,0.09825843673607784,0.09779715571900051
122,0.10359543993548935,0.10384957861894213,0.10445147639111849,0.10182509803883173,0.10480802991442038,0.09456769222173571,0.09322055558818823,0.09466701529190853,0.10108646069898175,0.09792865330038389
123,0.10280196000835401,0.10138546965877364,0.10085174472677595,0.0994371410217975,0.09832315738062583,0.10147543976551886,0.10147543976551895,0.10005417060496959,0.09774790422116178,0.09644757284650393
124,0.10065299046328384,0.10066569465327364,0.10419629904306042,0.09839244855552207,0.10278331578800783,0.09877932293484493,0.10172291443066774,0.10017829323635392,0.09350226516374485,0.09912645573124079
125,0.10412637568315897,0.10412637568315897,0.10313255558368296,0.09912970643262317,0.10079274592201262,0.10001756061075069,0.09896013172516062,0.0963651811853379,0.0966190447206239,0.09673032245349016
126,0.10145721759913927,0.10089894700962466,0.10032130528603693,0.10532928152473901,0.10502183110396601,0.0982935123600519,0.10243031570110515,0.10172059904677504,0.09234426502989826,0.0921827253386638
127,0.1051379881016273,0.10428864121461376,0.10176729114976756,0.09783769621961781,0.09663983238182099,0.10206908507852913,0.0999819387576619,0.09970568854446368,0.0977100849436157,0.09486175360828202
128,0.10338133675090501,0.10196118872751285,0.1013886415923199,0.09978126724468528,0.10065102682430942,0.09816193887651743,0.09986856396983577,0.0988070021193972,0.09776666101423338,0.09823237288028382
129,0.1,0.10000000000000014,0.1,0.1,0.1,0.1,0.1,0.09999999999999999,0.1,0.1
130,0.10036366911373963,0.10074455147576122,0.10113050932353537,0.10108156872284124,0.09928831725889882,0.09950943070375005,0.1002369864678543,0.10021729314444468,0.099202533300179,0.09822514048899564
131,0.10126749687404306,0.1029835002400315,0.10273291563150555,0.09943724230701716,0.10124642473786884,0.10177330997547306,0.1004930616989053,0.0973650615684149,0.09776834182903067,0.09493264513770992
132,0.10228214764944563,0.10228214764944564,0.10142922196013278,0.0993516090292718,0.10181653304115439,0.09806840003590349,0.10053223260339238,0.0993601801720866,0.09844537660423003,0.09643215125493729
133,0.09950833564055518,0.10011349451320706,0.10103861524463063,0.10092811016477689,0.10141331575158345,0.10037534607543172,0.1016928297126386,0.09765494217522089,0.0963649748511322,0.10091003587082328
134,0.1004143535620729,0.10061252756502048,0.09952746175285057,0.1007773121928089,0.10092751683017799,0.10114741089388694,0.09766122529527818,0.10077229351161211,0.10124365082448646,0.09691624757180536
135,0.10535483640533504,0.1004354169629501,0.1068539542411241,0.09886738598991614,0.09622956499571488,0.09819905084919632,0.09919948048921451,0.10461207254478495,0.09979090133085426,0.09045733619090969
136,0.1019257553502494,0.10007597484411387,0.09955887817582704,0.09724971815197334,0.10088135097682344,0.10279325408122142,0.10270062501416224,0.09700425291048669,0.09780144255026794,0.1000087479448748
137,0.10097378225602331,0.10178775175915428,0.10238513792524048,0.10238513792524048,0.09912599009161491,0.10038200373086242,0.09711820828630006,0.1023571759020823,0.09642829888551704,0.09705651323796477
138,0.10084318133965653,0.10084318133965653,0.10066393589642035,0.10066393589642035,0.10066393589642035,0.09938654470704722,0.09938654470704723,0.09938654470704719,0.09908109775514225,0.09908109775514201
139,0.10196745513637398,0.10346600557120751,0.102286014792981,0.09934353455265703,0.09731491366100639,0.09983200498970403,0.100968677276184,0.09706109027820518,0.09903540540604913,0.09872489833563175
140,0.10123898916642746,0.10101043608099874,0.10332300420960878,0.09916894436508275,0.10386513335739082,0.0987026237406083,0.1013937800522625,0.09957451791546443,0.09614792384752023,0.09557464726463596
141,0.10118205470701697,0.10170492732462383,0.1022224721219685,0.10157881332347377,0.10029549487939886,0.09939677201686163,0.09799767589507691,0.09869336957337346,0.09808792079176817,0.09884049936643795
142,0.10481144053939614,0.10212593547066466,0.10407821321573692,0.10243151160050991,0.09828576692013449,0.09696324771961523,0.09614526106324356,0.0953128220446531,0.1008723881482191,0.09897341327782692
143,0.1020177618245375,0.10325511401785485,0.10402833994674575,0.10333903555290447,0.09888296730576213,0.09981205206664105,0.0942001227812238,0.10017848698182227,0.10080233122278155,0.09348378829972646
144,0.10198367060752413,0.10385413393734731,0.10392751396917647,0.10327081072962263,0.10079693515919617,0.10407157416789571,0.09470025569526652,0.09388863515613283,0.0945730743736414,0.09893339620419676
145,0.10355296748104503,0.10372495689971871,0.10428081848333366,0.1033563945851507,0.10007574371120946,0.09670821337602202,0.09633290371301577,0.09586990297297103,0.09819267463271714,0.09790542414481632
146,0.09889555951923144,0.10278597272011353,0.10286907464543883,0.10213937110876253,0.1006308842766595,0.10263281698630032,0.09897913850429291,0.10061499826623749,0.09867680438447343,0.09177537958848979
147,0.1,0.10000000000000014,0.1,0.1,0.1,0.1,0.1,0.09999999999999999,0.1,0.1
148,0.10127337336470596,0.1025563331566589,0.10705406475209306,0.094816359668123,0.09816036985805524,0.10451381895387774,0.10440741102610637,0.09239603738220652,0.09436098379159517,0.10046124804657806
149,0.10105527246405832,0.1007513765238741,0.10256415931673536,0.09937585102668424,0.10069724848433009,0.10221113195882062,0.09830508132085129,0.10010629013736705,0.09828016633248797,0.096653422434791
150,0.10065711289237916,0.10358309440632714,0.09563060288151003,0.10423257443940581,0.10605655218643899,0.09662850061991687,0.10680342401659879,0.10159878239859615,0.09222717177773326,0.09258218438109374
151,0.10159728603795606,0.10103975537347892,0.10092898623817723,0.10066775217965837,0.10069844396414196,0.09963301259915008,0.09918678990283217,0.09931015749722452,0.09896729475029918,0.09797052145708152
152,0.10241340542297798,0.10122956603889778,0.09915849479007681,0.1013631709613921,0.10173725318460972,0.09890866827373791,0.09991191501776142,0.09909467993176141,0.09863709856005011,0.09754574781873461
153,0.10055951555772843,0.10055951555772846,0.10055910373345582,0.10089490625120912,0.10089389073196695,0.1008940803897366,0.09891030300051015,0.09891030300051035,0.09891030300051025,0.09890807877664401
154,0.10225192431092822,0.10163426360731007,0.09910694524535495,0.09754003330680384,0.1043474776491139,0.10177260500414569,0.09499414181871217,0.10268128214568545,0.09670979458154824,0.09896153233039745
155,0.10204417099109117,0.10193746383817066,0.10152014604359152,0.1007291888538417,0.10054166483183762,0.09979895923228209,0.09958105513123788,0.09896280692272297,0.09718599991422057,0.09769854424100403
156,0.10328803634541354,0.10299816678239997,0.10076566835527431,0.1011437053237437,0.09786694719168795,0.09781169781779366,0.09895144328231963,0.10009780146773041,0.09875010314623975,0.09832643028739696
157,0.10046613529952973,0.09960880294365343,0.10033121171272881,0.10023359035446607,0.0992851200648296,0.10024009076491334,0.10051571081457109,0.10027169583502765,0.09932217069728747,0.09972547151299278
158,0.10469542860734998,0.10289277345128621,0.10474759992504191,0.10347150296885739,0.09668392458557003,0.09834213093556614,0.10189895897831348,0.09526723522224856,0.09902775045729374,0.09297269486847268
159,0.10260472137540638,0.10490261579727096,0.10084477050537247,0.09941851666162657,0.0975913956434152,0.10016949735719506,0.09937547193502763,0.0964031546746835,0.09931489938661729,0.09937495666338486
160,0.10250189590933431,0.10125469696617154,0.10030744671137455,0.0994325537229338,0.10214631785424204,0.09774373381971105,0.10122221300260023,0.09645285250371329,0.10015471222019658,0.09878357728972262
161,0.10030124409206477,0.10165842547207106,0.09968588813405069,0.10199926127774525,0.09889891184225542,0.10183903054654889,0.10100683924060638,0.10014304644036753,0.09915228465408764,0.09531506830020241
162,0.10455492823051873,0.09973488047520872,0.10418866313302658,0.10238837217938485,0.10644342980039988,0.09502838202348748,0.10396227652308439,0.09727310572174859,0.09136726916702091,0.09505869274611976
163,0.10272585358479734,0.10045869554261322,0.09746725690522506,0.10560075053174119,0.09975945651906257,0.1029514743736513,0.10285689366404097,0.0997507384275734,0.09625009389887383,0.09217878655242098
164,0.09968685943908688,0.10213075507938996,0.09946664199813161,0.10113540470832276,0.10395084939487653,0.0998156705418098,0.1030403688973921,0.09791642379132717,0.09150025284470606,0.10135677330495707
165,0.10157149469622667,0.10157149469622667,0.10158264755765678,0.09988648578072826,0.09988648578072826,0.10046759724245902,0.10045859986018432,0.10045859986018432,0.09705829726280285,0.09705829726280285
166,0.10170328820259855,0.10230288823261605,0.1020980952913168,0.10186232915744974,0.09928250203270962,0.10002563670162594,0.0983820705362853,0.09853140446241006,0.09815537356927662,0.09765641181371147
167,0.10323739116030418,0.09711753261139032,0.10473636427700446,0.09929076926245888,0.10231122836107542,0.102972190956505,0.10250006305848544,0.09552604000287604,0.09903809468441668,0.0932703256254837
168,0.10069250575384533,0.0997847750251301,0.10003785115294529,0.10118597478899936,0.0982549325862414,0.10195348012813638,0.10198192063262164,0.10091809269168239,0.0995279335092225,0.09566253373117539
169,0.10132179758176549,0.10152244381768995,0.10125307604073573,0.10043917459987897,0.10022315260105348,0.09959636134284537,0.10068463477506545,0.09849404100149182,0.09798544805549697,0.09847987018397675
170,0.10486120156803276,0.10944655079017128,0.10919582294388647,0.10991931620987996,0.09477489536002145,0.09287339633817997,0.10699634267981946,0.10224825301529918,0.08784668827023658,0.08183753282447286
171,0.10053942042667303,0.10159510433501043,0.10459663409822696,0.10168311094021304,0.10402075316312508,0.09888851524764024,0.0983366008265809,0.10045741004203862,0.0923114797587606,0.09757097116173108
172,0.10424133011071479,0.09867587823663304,0.10081625666810487,0.10288539076089917,0.10210036391118611,0.10284564995200765,0.09718029300976165,0.09302688972625313,0.0993024319300346,0.09892551569440493
173,0.10205612418547502,0.10254589725484081,0.10052154917074368,0.10103409109507495,0.09890832800140704,0.09992651815764979,0.09911853154936144,0.0995696660659576,0.09825855002029026,0.09806074449919942
174,0.10467366566965729,0.10321672978385546,0.10397723646144683,0.09848049487752959,0.1014349102864295,0.09759905818522688,0.0975368275101192,0.09749543812546178,0.09677890075023318,0.09880673835004034
175,0.1007427086617499,0.100191874830887,0.09868010103747761,0.09751804149556863,0.10368140919990439,0.10408893221444565,0.10223352310652277,0.10214704364672071,0.09557714778259549,0.0951392180241279
176,0.10298505705597492,0.10177701454702699,0.10304307985548712,0.10159682235053331,0.09919673092292011,0.09849567633018347,0.09754917475747549,0.09824064627339132,0.0995317574749651,0.09758404043204208
177,0.10043273747611245,0.10156496495989077,0.10130206970932387,0.1011401868785598,0.10130628010911567,0.09895075421648396,0.09776605420662382,0.09824002589407117,0.09950586722390539,0.09979105932591308
178,0.10286062712639382,0.10202197163762873,0.10278712573441127,0.10326435139216911,0.09922189528082573,0.10050353833012883,0.09642767496246504,0.0983159642378312,0.09966324357308465,0.0949336077250617
179,0.10226256391236364,0.09901290017046514,0.10177681001627191,0.10191305039010914,0.09667992269110026,0.10201092660479061,0.0975407218608738,0.09984860128499518,0.0988547924935528,0.10009971057547765
180,0.10289564849314604,0.10155361053132508,0.09920012979413023,0.10111923602246722,0.10142360913223868,0.10207101621858643,0.09711194779653942,0.09899527957439098,0.0989672797866201,0.09666224265055572
181,0.10238699973209033,0.10112097206691806,0.09908908936092407,0.09893557334210755,0.1031119148641077,0.10113034553970227,0.1022777034406598,0.09735210364656682,0.0951776089191981,0.0994176890877255
182,0.10288322072522713,0.10305854848072041,0.101321880747746,0.10148227394287884,0.09896312183261483,0.09960021348531686,0.09916258589304187,0.0986200570415565,0.09839036957871015,0.09651772827218744
183,0.10325881161480183,0.1020047422112562,0.10349495753301467,0.09979274549312664,0.09976466016720946,0.1045538148810369,0.0962173011181724,0.10068769775083658,0.09490195970438575,0.09532330952615944
184,0.10277518361380866,0.10130479396509222,0.10103924825180154,0.10048297669442048,0.10251579010695376,0.09922557224487427,0.09865380529238862,0.09959777310758071,0.09740743288807058,0.09699742383500903
185,0.10345229992928738,0.10351622138498394,0.10277479913769083,0.10116736280340953,0.09900135262487116,0.098322691963303,0.09825805679129423,0.09781809581939717,0.09807750503109086,0.09761161451467187
186,0.1037703922496807,0.10433696503015708,0.10433696503015708,0.1012005036886734,0.09896942762797184,0.09978741497519161,0.09747443254781919,0.09747443254781919,0.09620395888149298,0.09644550742103705
187,0.10195000670761668,0.10363954358817512,0.09903787049105957,0.10075902077736032,0.10152690956637296,0.10332660570855924,0.09755646705941931,0.10206736091825339,0.09572461999487761,0.09441159518830577
188,0.10575764727246534,0.09892506472224881,0.09911623546536892,0.10361527896475847,0.10177627435692789,0.10361586447494156,0.09351249734807636,0.09830140341592554,0.09985449852730582,0.09552523545198105
189,0.10166953958473617,0.10243195420456189,0.10262455988173404,0.10006197995293077,0.10204424143277743,0.0978335184653539,0.10057796716923094,0.09881248867641641,0.09750085232303637,0.09644289830922208
190,0.1028408336129035,0.10299056631922426,0.10027718751571353,0.09814386838191547,0.10030568980542237,0.09791329987071411,0.1010571746619906,0.10056501387099913,0.09772656445186219,0.09817980150925484
191,0.10183161076951842,0.10183161076951842,0.10161870229687615,0.10146193817786925,0.10134640120495257,0.10107699241485728,0.0977613554422715,0.09773471280018546,0.09771354383594642,0.09762313228800455
192,0.10083644358425685,0.10083644358425685,0.10083363040651737,0.10063027065488925,0.10063493528927851,0.10063493528927851,0.10063493528927857,0.09884664512571663,0.09884621855258036,0.09726554222394711
193,0.10352369292806433,0.09854465974452069,0.10334741761122257,0.09645846613824802,0.09932483717380292,0.09729716456684696,0.10343459404031576,0.10129710553988021,0.09639103618518298,0.10038102607191556
194,0.10100999322604215,0.1018562664128442,0.10186899803539881,0.10303487206732775,0.10303157167256528,0.10336894949544587,0.10337105020795699,0.09415276629413963,0.09415276629413964,0.09415276629413964
195,0.10024814470621712,0.09946137731809795,0.0993643782474282,0.09849337819657093,0.10124407175373279,0.10124407175373279,0.10104605173960404,0.09817207777398285,0.10027610201855268,0.10045034649208073
196,0.10128196397862557,0.10091900514153748,0.10431153106691206,0.09918849237561538,0.1037566966149237,0.10322509059357425,0.10040100525495031,0.10033238220711768,0.0934158656338981,0.09316796713284546
197,0.12571726706018746,0.11996494092998679,0.09628369549496399,0.12022094375659965,0.08509586387348848,0.08138042624720825,0.08916657392995743,0.097319875781261,0.09139439488331601,0.09345601804303093
198,0.09891906659343806,0.09932095233930423,0.09983927633686719,0.1017611255132036,0.10299436920444614,0.10129093836571383,0.10443179746984879,0.10099834146451336,0.10418585623860498,0.08625827647405988
199,0.10278459520733092,0.10050990483032057,0.10442766540543919,0.1057205224317395,0.09844246427395606,0.10342986870825796,0.09454087762385714,0.09919295633214388,0.09856384555511821,0.09238729963183663
200,0.11345941632458229,0.10894168682941528,0.1147869757435528,0.11151978882995374,0.10350630961703416,0.10780587700604662,0.09578385904295054,0.08831743081657774,0.08211170678892123,0.07376694900096574
